54716196
24201763
21555101
98329066
43704785
77846181
43358603
786002
87546318
64912423
18345303
82386631
43418069
45558903
22437322
72294562
22715656
1949704
85290813
20912083
49838289
22305178
97606978
94269283
79570533
46482302
92478990
90812233
51541977
85104787
23492767
79359978
47540861
48805243
54911317
57415742
69817193
99019697
68600088
46680314
74288301
52566350
1443856
74241852
80994139
72669305
64971691
35300401
59191279
29244865
44903679
97520273
54912813
52370016
79476801
53894563
41885056
81107795
29209478
15705398
37916215
39220664
67314172
23118052
37451071
19173600
42295832
22486212
4624451
60830121
78963797
78039734
53391363
11532348
73693556
8932152
31743312
79143309
59128688
43796209
206857
81910444
41107285
95777812
13887306
80308668
23814695
42843406
14481604
43265829
53829846
77349765
26927076
29032264
96558867
90739644
83970516
23075853
68641748
18631209
35505843
66572544
1595931
24799642
25651459
34751550
90157489
66674539
26858198
99466
28638718
84572558
88177747
78079512
25190670
26300591
7336702
18304808
56073777
48141088
69311763
31628525
68809724
59639124
33680115
93136069
49857599
43091932
21993374
38922719
71606104
2427911
53298027
86034804
90589387
25453438
83563584
42014898
46905837
19004189
70285641
48331339
16110810
268073
26382748
48676474
93413526
23921920
7641283
17116012
8080783
5458253
67842451
50838284
60714839
14553016
42102303
80549821
28442348
57353515
14299860
43548635
32260515
55131147
87325874
49698112
16911795
8205450
91699641
54860597
44583249
69577879
1773351
67814805
59196129
4083869
2307320
28427590
7131683
79686339
72106401
42327611
84724250
60498675
68455402
20584918
46728065
51224662
58043696
63111811
72421527
28130942
76193021
51466565
62839860
53027985
23396951
84899144
80867734
56693487
10530474
90630128
21651571
41546617
51116914
44338185
97714862
63418137
26210963
75706553
83670700
72704115
63927791
61236714
53121761
81663421
82362223
10199907
7466813
55621399
67467267
26080247
65316116
65790433
57078042
89331421
45122365
19616478
72303383
70956482
72655099
86866391
54880273
51950991
7998551
16918816
44323079
97046953
208810
52899686
69080845
39515189
39988111
44880379
70068134
6444816
4079641
95943088
79313763
90285310
92264926
86838397
90302535
15644927
87037888
34034468
26989180
50506462
26502438
7723883
39570297
44503012
15152717
55653413
94310141
20980147
91600677
57900682
50435905
79327354
5174425
22374353
39702335
43087446
71038428
84100492
94681217
46704930
58280332
51132054
57077182
94673755
11841597
99385679
43840801
67125805
58207979
15102667
17395424
75018231
46496101
31481150
71621793
9854804
70347853
4173071
62231874
73898509
8003764
65552064
20435939
58135154
57917303
5804686
41514120
99209664
11999068
93295757
17959730
15014183
19016261
41246279
56204757
74704987
59096834
67352413
36282818
50702134
53716314
75944719
57399113
37876148
218528
66739503
15538692
34037676
93812143
50179496
49691566
87904668
82003853
17729664
33282885
45397972
22959341
38457058
16629172
13994096
25046037
64815633
79954268
83534052
42533229
75376370
90547095
24533442
7856071
80029784
22317408
41727944
56387991
15166864
73447139
77609532
51882187
99890602
65675839
6592262
36420014
58739031
44697906
85929927
8272397
91270502
6253773
89255273
30078328
15107228
80872644
61636844
48518397
3410556
28915010
98649952
718452
75239478
33779131
94368904
75215535
11074757
21005989
35449076
98971515
62373404
71783150
41764863
10160938
35322263
23930809
31076558
91687270
72654586
91860503
31188187
62039111
7450217
82429278
28863862
90880935
42174297
24582210
5221594
57901157
16310613
40233007
96769073
81096601
76929220
1818922
93642138
28511020
5804264
40985969
30049357
691100
17198769
61143842
38727198
59658427
74225013
5987176
37986772
7696348
97241752
27156183
50969588
6646572
90747130
56230216
8511768
18281655
86833472
72022532
36642772
70389939
42453026
99543720
14027448
9336670
25029417
19299122
62473224
46093572
63621095
2631937
59677517
3856948
76457059
93569326
37816558
92817739
17537190
62857540
73986361
30573947
83164745
35405103
81408756
91966281
273880
30064386
47744009
31282221
35104812
33070506
7893923
38678829
51515769
30686546
13530510
91133008
59949905
70475103
20502672
6972336
96709287
5592018
37430043
96612482
88267854
7221276
10275045
82430885
5431981
3194667
85066849
42379460
66970640
27794468
70367319
97695887
22540300
45793969
35818635
4786602
3293045
68453432
2478876
71839389
9061431
76408971
56956783
3172197
24755914
46397946
25580521
77855122
55721782
6194057
57939811
76064593
72504279
3285723
53920489
15265672
16640411
11181901
56214818
76575281
78716073
3916662
5910575
84933260
7180224
46483431
8676762
18822076
81679102
90893236
79408262
24951268
52532365
96154026
70077990
66941973
2892669
54491734
34801253
90127672
79053967
10579124
32229786
25559773
92068572
81161441
68118600
26577326
11842032
76462108
47195002
89744013
63476011
91687005
22749360
47974337
81563203
25570963
28466188
35453207
5709962
47709333
94405182
70534531
52630020
6856737
68560109
34966218
86718022
3567986
71545654
3090377
12252117
67005732
30653827
38130317
25160978
44835232
47237276
41516291
27499737
63530408
63543931
83895752
90225068
7947682
61457295
63293391
40037124
27715084
80174115
50154718
66002613
11983494
44935489
26264576
46480765
90963496
58998384
64779802
74967320
62016320
12932545
57345351
11077816
73445615
12429953
14356843
30534286
64655098
75653938
43525844
6862366
36161776
64827751
64584151
44756479
75093443
7324938
60424399
39558775
84121735
56098745
98277370
11026787
54728299
9667911
37715940
70755617
19217079
17509880
2726606
97504098
60062441
83940702
70371573
13388157
32245016
15431910
10193475
78714663
6797453
26535203
28514777
49997173
15005835
11897423
96484421
2158101
56002844
35931914
45560519
76833292
34630809
14098890
3291343
3575731
98811754
35140481
46420835
11274364
42503164
11970935
70689901
22349029
1160180
78206820
82798235
50676860
45240550
80355012
30443926
26805177
32546486
57095134
51412335
60278734
15829601
23016471
54634840
41672362
48646428
53287804
49446343
31026099
88544099
26808774
73618146
7739051
56810365
41411190
75584426
84569845
80546460
20054492
92267650
6484970
59858494
18799795
80750183
37840751
91526290
11452136
58552175
7371463
2336112
64686572
24719283
74749552
45533920
22128445
57406085
67004902
91141376
57519660
63812040
26118140
24845677
65184380
31461758
70841522
1833139
39749428
80147015
48346467
17117496
7813455
69556365
19039035
73902254
95993060
22240898
79865630
23194294
35429588
52504807
61999208
59751312
56630199
2527036
45752216
56467459
96875052
94571423
63049500
98866121
99828691
70564497
39646716
4455733
71999580
42441968
43371548
63084387
46892512
15112769
29236229
69957776
53918027
59943333
55953650
94741989
14554807
78438608
43446055
65268689
99630023
11113356
9301031
36985931
6755893
64971050
23374078
23978024
29812356
12434864
53556822
25116879
45756671
8885911
96900300
69332883
36350644
158209
43990406
69331702
76102370
65974046
51222347
61427322
93238018
61164879
88331159
77060165
52457818
73503159
16030868
67578154
65570805
18679520
84364441
56793975
86243529
48421328
52455101
82270421
74617982
17166933
58134959
18240220
93033092
59209708
86611786
77251261
59077527
38984642
10648904
81950880
69439343
50905349
16993011
13130334
24231868
87318526
61678793
83090191
84695463
27115729
31051434
78881452
76898715
36222643
12185546
18317328
32356746
29044096
2189497
18930490
68789598
98343542
22491585
45148374
25021243
36249982
20148559
16096818
41303756
56320193
70098329
89980207
29144922
58752745
95695116
19143076
43358614
42858147
22649324
64373784
27853182
1259343
13923642
25083903
38877581
1729510
13054135
58337179
79262989
91272760
52862332
43757924
9766805
72304722
83858092
46379932
30477853
711697
80898005
11289373
95119020
35086108
19895359
84320312
41928341
44269081
12477025
17482896
41132248
93432983
53682893
98352045
17624528
5341644
14633474
51614299
55021957
96265583
31626027
92415471
64308807
31050135
88540817
30222137
68121331
57813315
56921828
92410822
67389258
70936880
88449279
7617092
81689529
5057716
97601530
27403875
6841203
60596878
2802658
29811447
4500796
43515727
69344612
34866436
95281701
1187475
46917704
8071892
76829633
49548238
60827893
65440392
15208946
97382689
84472921
55931785
95592050
96493484
69988760
59543551
51252324
69309460
21487472
87082267
85065803
6391478
32429814
58347871
50099032
38587142
43319343
86445126
63435030
26665428
14972152
67889723
99608486
94285672
78531445
46888815
45383760
23664102
21302611
96976705
52977011
18151295
6066272
99048568
24392520
30363916
44079797
65796474
32937780
75131875
31739512
76414429
7712963
77032607
28550349
19998901
65583488
37259040
31906156
19611252
32256327
46752376
56498701
72667651
67292785
51399065
10306850
22289278
23380142
95449310
8486054
34393017
55569557
82243213
53538148
62827125
79839264
66980528
73592116
24469654
63980161
4688406
77790210
64944070
37522180
19646355
18265016
61220631
10382417
66072189
71526495
56460581
90863071
26941246
50875528
88547280
4554176
71074235
9424628
9378213
28993386
15137207
92247180
2997086
75617585
75616354
41676088
67584374
91879555
66386657
66531389
8863362
7669276
71113791
42102208
25194096
32952727
12284875
14867121
59718157
57330304
7358115
18769619
36764594
51469223
43130098
64249226
16076602
40441809
26489988
36659399
96385952
79135355
91679244
54732459
29849760
62170753
66843162
8219935
42518029
12215336
75064287
79679447
70184495
31327192
70125756
41382833
8429961
43572092
36733431
66528029
30102261
38399078
37598985
35065497
76339122
30505661
94667087
29951085
88259440
16014072
64683825
26018238
51734079
16756883
13139562
98936830
44788913
33780883
21876860
42573029
54602586
48771582
58817279
26526448
84142602
82137392
10258518
66301643
37485799
52689623
80780830
16657295
67321023
2315221
44762300
54441959
4291240
72849271
59238622
11866202
64100643
56855231
24790794
74060295
21608785
31107622
2937529
54418004
78266463
13516341
27280654
72850613
89435756
89514380
34411518
83595727
90033918
5994214
99865711
69552654
48305183
57758375
63625243
90587263
10558526
48609698
42508371
58467666
24568664
70267129
25869287
11188140
2872360
40173320
23150825
96735058
37989411
74006538
42741693
84387322
92287891
59852871
54213199
39815598
5039082
98543227
26270084
83162434
4564464
13507569
63777625
22117939
33618929
86599588
34549036
70341473
78204733
96578271
84738762
90987057
54352270
10834476
80826363
13917448
29508660
26715725
12882665
26921565
6098361
69450846
55478285
46823417
58802218
2798393
56072454
31282513
76412839
72928492
41245247
50316795
73130383
50585474
97478715
95050612
99668681
38757365
27577787
90554002
33178269
42224079
71132582
19831618
66991333
39166486
55002475
13270604
66904503
63730017
57319664
42973342
49568166
68933159
44014901
21906555
27426418
96086919
52722664
1640164
93549758
52601442
55951456
54491268
98107981
49247570
60575667
79157240
76981745
68228425
93678635
48500924
33456689
49855637
86791894
16378622
83602408
11070979
47896149
25336014
11378542
11383574
84371853
53986754
83219321
31046290
32793755
76624938
94434849
84883744
18047597
33394975
27851967
50044155
44662356
75761595
19073945
168525
27988831
27845154
69943491
2156001
40902415
87581444
27219567
73516534
62265107
24093174
3128255
1348627
63257519
39257723
49939769
6705968
58239520
25003031
48156172
38200547
42172728
96102880
743181
76539456
37400882
79158106
35729998
10541477
51317815
37360604
80690747
80763728
95313250
13738237
90172211
90877736
16892827
79527734
24309632
32887695
16335586
70702716
23020791
85497974
6987711
48677406
89964854
7253328
67286894
76222873
21478949
35433954
54719108
91992309
80380025
95943733
48408463
92671473
22301191
44058439
16047794
93655461
3189347
67880277
51394155
53634916
6297781
96588479
72009809
52268041
34854341
22237686
90430662
79050
31148222
61517201
58954701
13189487
53661831
66957975
38453503
56090986
22732233
83161139
57622975
93022359
84627344
53473387
32731698
4409397
48963319
65824026
60165611
22997639
16867727
95117645
25814686
86211609
89032261
6068294
54033151
29806407
32394356
5205565
98687067
9697161
41868939
98044596
65198209
97891461
17089175
49960405
84584666
58552367
49324925
30538865
62570250
34023544
63722455
61485325
17216233
58574542
71150366
3942566
92253753
58533997
69803519
71052610
63728501
34403007
40327186
26519475
10353770
43338259
18505957
7065882
10958418
36327554
35501106
5583148
88692883
98640366
82105940
39894807
42859373
31577447
48286565
73461829
95038625
99872863
49789239
75807847
71818854
83387918
4984222
89225957
34052371
11086146
58129641
58448446
66067909
50289270
45230022
4537082
40506793
59832797
40723151
8009135
86348347
95933045
39409753
70008225
26818102
80335575
85584181
15853929
78376996
75188547
81810236
39937543
79445037
82792620
40051556
8725009
50802444
18049540
75023170
98145923
29432309
48168298
1390045
88080741
56472008
69364407
24521714
29581818
96082346
46413796
90268081
95721121
74391715
87460644
50867891
42434347
16740484
37973738
84404627
39789073
4229985
43384590
4991940
21638791
86910209
85843366
693275
873399
53027049
46099114
97249467
8548847
60636443
84252322
95339756
2096142
82741635
85734782
89208110
9935189
69630009
77561793
39684581
14716183
25340272
84613684
96166240
28186048
93930340
86533671
59045953
31113475
5693909
86176965
70382959
53733182
5648015
81700271
7433644
48773520
59166315
63589458
21298431
34333053
49795370
24735675
45944904
57055052
79751401
94981954
79451378
94570343
40673750
14711122
62143346
54432032
53914929
14961914
68523135
91164659
940581
93727990
43489557
77887093
1699432
60867088
66379916
88760934
2427649
10376828
2325625
69076136
9010646
31329011
34551151
79830822
69710536
91288529
33671873
9035753
33851220
67301892
10426993
11662371
9811344
71080341
3757401
74635951
25018201
52995364
15453615
42524297
48578117
90238187
32669587
68318042
51308718
61221397
32665763
27151904
99891263
88537358
95781771
49584042
74927552
99565397
46408107
68826233
1424902
2455661
30659655
17187339
3842300
83360852
830848
71688776
92467133
35489308
34725714
90478398
8109320
95156379
86980737
34718749
18117460
42662517
25565457
58696852
81722323
21137666
85798583
61038722
5055658
48194689
80939813
25480296
85156819
24070858
42868323
70525072
45163572
93311275
93665968
26610251
90505638
3529964
56769157
96141318
16731992
83718109
26653567
48096686
38771044
62999584
16870686
87652232
45906376
9824340
27745693
78981448
30447148
83016954
93703101
20364637
29482844
1295430
39552397
2346182
3764353
42934996
26050511
10921619
21149814
82197765
27167719
25542032
57983523
60894896
5796888
54826433
42446508
93798319
48575458
20962270
99341324
18030805
31037494
46423971
35923826
96496988
8405130
12964100
33763667
2684572
77217027
98452952
58704959
84553892
42698666
99834598
67397221
69714870
36645352
74372208
98776475
17416733
43981250
34909565
98045649
4097582
85249437
88601054
40110988
58442141
78016841
88013109
51197751
21160776
46140340
17295562
93888275
6403107
89596083
98708611
82278406
55270663
50050796
54429696
22599758
85244070
64054220
88395017
72658067
70598457
26504955
59944007
85439351
68793808
65247765
33087546
48029882
35454169
93700952
13505097
25126520
75966622
28434008
76451889
42609039
88241022
44247521
82158407
4817022
12790010
55218849
38824328
46492421
49581586
83092125
96089130
291608
97608254
16403881
99618225
1809104
76131835
50737974
15351983
23412074
86892100
65590254
66381314
21454714
510740
51447191
73059100
36296331
69917555
23625878
31010742
82120943
64588118
52721676
98897429
94940123
27721464
66858432
76739407
66270705
1455788
82231303
38469777
49690467
45619993
91915579
40940969
93581784
26280917
26727687
62722810
50551384
22281943
47522054
42514711
86135748
24598598
39605818
47780346
28484785
39256509
30293069
41849639
61655717
79417259
31543278
89500348
34028915
16504635
75980558
10708765
35897103
27309421
21988041
39225177
23998688
2746086
57892423
1533903
21889702
10704471
90269399
90669605
7881932
71298334
32774431
26906465
77620474
40735920
65230416
70405667
83211317
16159825
8150556
7672504
43008833
83863022
22633947
98737947
4409093
82754168
16353191
51394803
48479614
84594731
81202532
55150099
45463884
26108584
47665666
97833992
35581081
54284211
792895
52362704
78147697
80291669
66003251
81234915
98012725
21913920
25140959
32227695
2775977
94872916
74287868
26297250
84371078
46369314
46909978
83431206
83789306
27898858
98831978
41190524
27106477
91985707
74532241
87926878
98995855
1796373
47537864
36211224
46284673
64402715
90925639
19124146
23498267
36008110
60522903
85942429
97068080
49941409
87368598
85837001
42774346
68723756
26093162
48625605
80144286
37903438
36449377
86695105
79943600
36649102
97495564
71662880
13770917
22663472
58596168
19372175
37133038
77231849
52439416
42744086
74707844
37424735
79079186
48500210
6854710
82621628
2570242
47475602
86703615
342332
59057884
21015030
14867405
69356624
91160403
57210242
77839012
78668609
59087985
36250568
67272229
37620203
53273326
69477493
64823131
66337230
54035913
43932946
32214384
64407120
48746777
24030985
94622057
46063174
41648005
32891026
35290612
24799644
47083448
43740664
32359934
87669596
20318628
90562351
14348876
58243481
22018420
36958229
21348433
36252253
93113471
19078114
2389191
79787092
57897152
98798740
6300987
84218002
17888121
51532316
47852067
85922497
29202751
14744997
34452012
28886206
71525628
34661104
34788829
67730358
47243718
17082196
8067208
58876285
9560041
27777942
34254941
24664045
94783787
91452246
28920724
24526467
45932292
68918931
63841420
29410140
67364259
52387323
44121707
48037643
87306302
32030244
25757089
14972709
60133595
5938191
85694642
10816087
71521919
13055970
54940983
97057437
65491258
35972052
32670352
44425889
47488369
48968621
21480208
91118571
46472565
7413724
9155987
18304282
53574207
1775699
7688656
32644191
85637603
6940371
8957855
84470835
82462366
45581937
8634569
89262816
92206151
8916777
62263494
6002997
15892983
44546925
53443359
82784139
20040157
35734392
31153982
30655417
92211425
86939488
79953438
51205994
85694078
93178891
62404990
36571663
25181475
22374826
43729881
30864118
8435079
15548209
49368206
61863051
72773273
95444707
15541913
79023216
97503113
22615241
91184907
84213533
99910357
21160236
5965721
36364246
18956664
94055861
51872935
75030334
66474910
91322474
16162565
30704754
70518981
23869525
61712269
45180267
68991663
45670051
38271628
90130792
70721461
18763460
67834109
98052432
846474
95983862
59827643
91459986
63854994
5075006
17066918
99596544
75761949
84699912
40343576
8375149
81776463
6297451
9804379
91062516
73706399
87516013
83759627
61187770
62144321
45153575
56016042
27426883
43770022
19385351
54375612
49159561
27747271
74731652
56624288
91227249
54333143
94985829
58239673
86169741
79863905
16889611
26002939
69270786
46592315
80513408
54947160
89062993
60033412
78886977
22496235
36364774
98449445
96573194
782478
17588971
28994733
6962763
91719650
67648321
19876963
74599653
4789735
74509554
48320603
95201404
95169320
36889385
33388675
13119472
8297828
57843633
86075612
64489211
7044688
38572875
85413978
322702
65487047
31851389
27240038
58111802
7549978
29272497
36540545
76240794
98825439
82769950
53099379
86943760
37645944
17281550
47757944
28911653
60001390
34476800
56077741
52329903
76137609
6264351
90675628
87275862
75434650
51076454
98167679
58925762
30110062
94591361
65224742
91518288
93172094
45231018
77990719
61713947
94118798
58875222
48893319
76290408
66831841
50920708
14438847
8510049
50549056
60138325
4283558
84348848
66102812
91099109
9028160
6880038
96458348
58755348
91079127
29126566
35388513
65942031
18207337
85189507
47058735
21462246
67757442
45632364
37651557
20150815
64843902
40472183
16583121
58867903
94047398
82024251
40331351
44719787
62813538
69838396
28971734
71391528
51894302
28481150
97926856
16069753
90963424
98761445
55316392
72177805
93039035
65773238
38034611
48044012
21080675
71203739
65909488
3488368
47084977
92982534
38737355
90669823
78377397
83845758
8243252
78550768
80527377
18214341
62270445
24640675
62756990
66076065
39332899
52430941
6645145
10688106
62825156
49251335
92331836
25061990
49675614
35648364
66106769
94396452
17585324
76752841
77763118
14515774
25807871
47084801
80482751
66355398
6527689
99496634
74734412
59680719
77674994
87193921
12522728
76019634
68366420
48198438
87053418
84356777
83077708
70521097
82414500
71477025
88492256
9195852
60324779
31562155
56863462
32604285
32445109
94409445
26836172
23812456
86973718
80575140
44339581
20064087
63284308
84090132
94643114
9650355
86400902
40660269
5705235
93293858
52157794
68569311
45366787
87428946
62521876
4951164
59735036
78172525
67268636
91095293
46409496
354563
26161986
78027038
91985564
94923449
87132731
6825767
72725216
46546953
6267863
14895891
73448128
86258130
31359396
16691759
61424942
70806512
28065352
29647985
63729939
69534942
39610715
65274593
20313676
28378634
77827431
40836022
26121033
61439082
29285715
34418183
98102677
53224228
44248631
94516257
32356819
928551
7592746
27242630
80232989
31644974
25441533
76025678
43666418
42853847
15266224
42677153
90691493
32942616
12277124
20883436
66906052
43429961
57573371
28769958
55393380
2089143
61596619
27875722
7863108
65005701
53611822
66429143
85801699
7259632
33105438
22765129
8944996
88226537
84781120
97883437
352130
19677307
59189314
78107909
40728812
4889290
71508507
85545393
69704502
41865651
34867171
1921738
11079477
83943963
23101403
59280290
51042234
7533137
79667365
48028038
8518007
8777743
82864627
37046152
58565752
37844494
46592168
75318756
34667750
60453096
17973558
28463664
63852451
93259846
71758771
89832518
59696278
16239584
50678315
21254496
94303406
80194949
54881156
70232027
35916495
10202088
97461565
70502290
97663387
19056550
52112095
25372070
26431344
2955461
47045170
13409016
90423637
18488619
52669226
27530957
12037338
84942292
39012507
48191741
99602708
4163083
69041715
260358
16506128
17134573
93588907
73217416
8659941
74428306
77542750
83252004
81073999
94097403
52502777
73953473
34624771
12017389
38980937
81452972
55529449
90433208
50081011
85521304
70847431
12719294
76744291
41974258
55395499
5984402
42256797
42822928
27751847
35329985
38885316
77286858
29518219
51156025
25605800
71095057
48000755
79061741
16196672
4819451
89916150
60956664
31739947
21019485
17758786
40576841
97761508
95140599
68026755
90587387
10396769
59210678
62759623
12865987
87913319
78667521
14499233
24443077
6069298
66615532
91494300
64560066
58536278
34794488
31793551
77017432
70012043
853508
34827019
94901392
94741798
25077875
52033722
90225422
7986603
10310048
74219895
96309672
61785584
91993106
82331802
11156137
11820359
29139265
28861087
7713201
45756056
44370599
91052176
51029021
3471486
99527702
8790513
77830176
70039998
52222428
42148234
69220961
63696491
49838772
23519029
16157553
26051114
60531219
16297197
34064852
3014184
59092974
67482668
20275662
10289585
20522251
76515289
26901258
16669667
21680300
30992080
32118592
34108914
78382882
60809255
12322292
47998103
97585481
33981264
22161197
77789896
63237726
61794848
96977195
11379221
62845462
64194601
2189930
7010705
48639096
78794519
806950
13669632
14652440
18816672
58438502
51962567
69137310
37788937
36053902
9716654
34400368
74495666
71004082
86616782
52547750
11054489
76378613
83747164
25799527
60289843
21521132
81307923
89835885
76795431
38930827
77515033
94834143
8540306
72959737
748490
81548659
83005511
82798653
7634369
3641737
29974037
48935738
99338124
64227362
72981552
37248632
56278602
98012998
76338743
44106565
61296629
53913589
49965600
63065883
63770873
66493127
63919745
5617168
60593382
64548897
89821753
81346504
39110101
76321753
25381688
26997322
3728716
14683249
11379940
82458958
5511107
2830500
64203669
34465902
39889438
18259238
36258599
40161621
78099250
67959271
66435642
90513963
75593034
66950729
43715920
85969680
68898068
68688531
2489336
91900722
59946782
30457754
95584966
52943069
19885035
31773475
61751404
47533372
72831879
36401362
18408249
41138617
80311010
69241861
22323395
20146167
79934442
45333622
53235540
83472925
59413835
87881975
14843700
54508794
41588918
17611296
258844
99625407
90108838
50446120
57038701
5154064
77889272
91177864
67293650
51478370
90321400
99426398
46033308
33517734
51868215
48217069
81328520
18068379
86388679
75887341
9520329
93816175
29635828
49763834
70570538
56157418
28711045
61296795
2701412
52842802
35757234
64219884
44746749
1898650
4243533
34211560
37996234
11131271
49554397
69784750
25556551
19545049
49333401
26276237
94117725
77769209
40373232
92588577
23811250
18845994
82794983
68751879
5632036
46312590
16275276
49955631
90109616
82503163
1508200
43965260
25741836
47091940
15228598
10275103
15517089
39616773
80766246
86237790
59199801
97285409
35571502
13745144
45052356
5385107
47257927
61975491
81191041
11184403
66830800
8080701
66606151
97971088
68683640
56156155
81300530
53844191
16432923
76547189
40012915
37814786
28017236
55710659
96269471
73371326
78088967
25514361
10945310
48269882
67978551
92203428
1090765
14966908
98579077
94532869
27849061
92634592
16580372
28692771
95493733
88715802
96183071
84172986
72360226
1261397
89178563
85219055
4523866
5481224
27562434
54416430
82403149
90600488
5334683
45548789
41853234
99201411
88681373
83152672
51139820
477593
59216316
60092534
32350171
94863216
26319099
43349353
24688550
86616854
65149504
2526686
15361779
11106758
77800145
15476951
6743891
59306133
2694686
2185837
71712194
29879514
10784008
17403502
7945763
43962568
35638798
48774441
22769594
37355118
79752875
22349585
25780744
43686521
1216763
68957726
18414039
12616052
41994042
43500656
66292006
50263797
18050314
22162096
20940753
95696646
31250651
98649424
38076056
10086152
63910844
81048661
179091
8098808
17826136
31622416
48172041
50154243
41684610
2072340
43091342
67825038
7570179
90160033
57759820
56546522
49576103
48885208
78374269
10137595
17211559
36680140
16946038
78954150
38647897
33652228
15666577
28908512
55401384
37232351
42895023
17162012
826450
36958136
42407610
5437862
96524530
59822662
81193549
64079064
21750802
64485688
91872346
55728203
38068644
50729974
59608730
27111826
27667646
12789352
44665895
58365531
95577345
55211260
50608089
31958553
46376884
76050409
97126876
71729606
83511308
76460461
70049297
18075962
48931893
10738204
35627465
30710985
72792966
88036676
89784227
40492103
89430857
17822673
50066501
34273330
31382537
75168878
30445322
27126701
47043092
93934754
59057727
45266004
16564056
96869660
10465884
49409030
89333689
22172037
53017511
26474415
83252313
28759351
57775695
10041695
54672426
98817081
35791816
22838889
7395419
40599442
18905568
86261061
13724336
63583373
81026414
88982463
71853589
63961201
14509770
47834975
72912613
81300086
58136076
48264003
90782579
474013
4819010
23851996
43462733
90144212
78408265
63183094
93410283
18299010
59344053
99988831
73174073
59812309
38912883
43254210
57815754
4462462
94114761
49339060
29958009
7952333
78255085
14699254
97442074
46909290
2573608
62140961
79303595
66679727
3457861
37947391
56289438
53423564
78346261
46144018
85787203
42996852
24803425
36959630
86211990
65095712
33657368
9081819
78905057
1268352
60560388
80195918
79500735
71790330
51831401
11497377
17009283
87721200
96636495
41994010
72696308
34625606
57449747
42919989
60551102
66174744
49169025
47699865
21971735
86158656
23334735
6698274
49489704
77141009
79585268
40338198
83959278
91076002
63091710
68593968
99154671
52368479
4697331
80863330
55027830
56626507
76478423
28694014
85151027
50064693
86302478
58356028
79888625
81722618
93816562
50536629
27246097
49923220
3843598
26923455
31558585
44016621
42046949
93686305
99428673
48729651
12138080
80944540
29881918
96772624
96093413
60516726
90327883
26819435
94832406
39259183
18294665
68392281
28728658
96139956
5475002
22390904
20316648
54159196
25697014
79922300
23302028
65552137
2390548
34041991
25447698
66968491
78474999
8045486
496981
57567807
40923389
85566457
15188348
65229064
31309104
87753707
60663578
24360536
76844555
61777380
10942394
1641502
17969946
92733566
74848890
87542663
67014619
80904067
87554959
95416363
57177091
57413512
11001460
24901147
27407252
43528580
28478550
91257004
56537536
10590404
16965041
58202232
16475621
51916538
16406876
69552455
81354968
92840444
50457456
75732925
79294479
76489915
93785833
4843358
45089430
59210732
37227871
12902685
89464137
63830014
39473611
71332033
92514926
20866366
24958072
92853200
86033144
47065909
33632525
53705928
99726673
80744822
69295658
44016410
49656463
18545232
52415100
10140150
2503517
50758548
52380387
54892193
22363505
97256254
99938620
5514189
22052698
34499170
50509906
76078580
33078193
83148301
90282164
95761182
87089325
28371330
11004371
50631405
58037019
78876217
46075292
88706969
924586
20192726
19183659
47131088
42747586
67499486
82368591
95643289
13860137
55435528
33650780
30500673
66057519
16540427
93088943
73955428
4231239
52353229
70264040
23902035
59465363
28473182
70469670
87700236
80377174
7741920
48399332
33009567
72533131
21337197
77655202
42773179
62531481
3162967
60701035
87019306
52083573
40441180
49765891
63150481
9492573
7432665
24491609
59528275
83865812
2464708
38891381
23506223
19682837
81179899
9290969
66845928
79802258
7471465
20469041
30630201
47236781
48969769
28656258
6971533
82882365
71863507
5669662
66545175
32810586
62532558
6838766
47640672
17549676
40003550
50437640
50146175
38936063
26585161
54984468
56982012
31837973
49581235
7497765
81248360
75947365
77967714
37038156
20890334
60709467
19029545
98484147
62719079
97457953
88656898
44770654
40707258
18831109
54768021
94209765
39204630
85910154
84410894
71993790
45651140
42615300
73940633
96340580
10758012
65451157
87811003
50960133
1556665
6204650
88047511
89333915
51547993
30880268
25381403
55392753
13626750
70437906
94203841
52964345
28801357
15984675
39082574
32338759
64919853
49766155
35109579
8802850
51379274
98959660
85050439
90059202
41467004
91654489
14777652
86787351
94330002
99809570
58867458
66442419
82285569
22177120
53612675
14262060
45565327
29097641
71377410
82865579
20228442
20386747
51790746
90149356
98910514
15664285
41981333
26847317
37543374
75079366
24491460
27160339
25353245
74090499
47966686
71294565
63927558
66854775
98037133
92887929
74972720
64916519
77595034
74681763
54875739
12242377
39928759
38834204
36236757
85587190
95314734
49433401
18287339
10781437
81150123
87084674
42081257
96582154
91401228
29355484
33562671
45260781
59945505
66393650
25640709
68271167
24794100
98568633
62123031
65744100
57564650
35928620
73911735
96420660
39875842
9621823
5005284
73364383
44107363
42144384
26099650
75290215
71860086
89422626
98062338
18229875
21339433
85360969
53741268
35488961
20735420
23613615
30288967
4180127
80104547
57319282
9337685
89230554
89852556
1606125
97910593
48605755
92436105
62732456
15986957
84476948
6587495
29108743
8430042
64159541
11950596
95708425
16689090
83273814
91539356
4456112
62348496
2978477
41289335
7125822
19132694
85271801
35523602
59753720
32537564
96283402
63134210
47286502
27171680
21421880
96581350
74174846
71084642
48871751
58314040
16925637
32963594
65674531
72588782
43982468
75406819
57867858
72410711
21270187
86452800
45515187
16256186
79247535
90406179
11182436
99830674
3569880
69737238
54916285
18082300
69955707
36971697
23877770
24572701
37682775
75698285
61802247
28525296
80810448
66715013
16945664
8368800
48760184
62238382
57986001
35696018
86915440
11634789
53911728
20108458
53501507
24303522
72730333
54987729
56591193
72276824
66198677
94777722
30689009
732588
86117545
43695672
19082157
18660584
47307527
61551903
85452286
48374619
52159244
9278750
50333071
81254713
79689256
44633113
46808242
15336024
26055405
82944228
56101514
71842068
64904317
26651480
79277304
32174187
72092304
13723550
10835529
86401629
25842924
71089772
21393753
12188231
71743479
58257081
11295070
77493695
76975062
56387177
93126231
25762859
75637710
66964496
64069126
27828643
74050856
27146271
29412637
51806484
94142599
45800917
98211068
64206349
76658477
50078276
69192529
4235195
5346681
94888593
25052147
43393114
82912302
47804745
90808623
74718347
12149922
911247
95601864
39043209
31285321
89927195
8725187
92515068
54836545
75926309
11560506
13147345
36083917
14267954
78010474
72283241
42863724
27272968
12357283
70652074
78367815
95134451
89482668
57437922
52512804
83911628
61009905
67313793
70017916
26458648
61389928
30219787
22407048
58232531
20477711
89934645
21271626
77489883
3267701
1781184
27473402
35573661
23142845
10176939
27490026
55857846
40662430
55355768
2733472
66623228
17800572
7838722
21132906
31546894
83764220
41625348
24012024
2727301
40913826
88260952
31369876
63103461
63185894
96936078
94550655
49520360
59865477
31005855
12597432
54477040
42209823
94773782
91281292
40874195
65915214
30882193
5175986
42325650
63198650
2646209
94689775
92675129
99773242
33250872
69966733
75624052
35601129
41609262
9890644
15025881
73474857
6286657
35768870
95816869
69303559
15764073
23791287
6661107
5378238
10286163
46964666
12547883
93200135
4893281
1669693
7106174
62280476
41542562
63496381
44664227
9441181
71855888
47771883
91230348
42681947
54241859
21311323
48726586
73787682
99333387
87538566
79331811
75541748
82996393
6279223
35053710
69055073
88736346
21145310
20458247
3101670
44565672
9647343
66168010
27814276
22108684
79542331
39344325
84088916
29552059
42883462
21085598
7460180
26598632
46546895
29776020
52768611
56469048
7857093
17130172
4680928
14852433
16934555
1820468
63201823
39969640
97529415
62098650
2398929
43699762
91957464
12951712
96409786
30304251
72000501
47986418
23198252
5323867
57936095
27567007
18071272
81499154
96104516
78497862
66508375
26716297
26191593
63191694
39088059
91042641
76698689
19844493
68668007
16881341
8318900
85047060
3120489
10854649
16421085
69775741
98778804
55431388
75537709
88827063
10039204
79410117
25528567
33107614
50752880
24072860
6666759
22301438
24400166
21233340
10980688
43221838
39481705
52535725
7426247
75027595
87717948
56888568
52940926
84720018
4794620
37260673
31241244
63588409
57140073
40167377
68459941
46637687
63544453
4641780
31238622
14790697
32964555
68473048
26802656
97491037
63002991
18993179
17810985
27326199
42468880
68209933
61103922
32505038
78614526
85766258
31154323
53889093
89199534
89221156
73289139
42108527
72271954
42196415
20354744
285156
54943521
57168210
30153269
98725698
32199762
97185394
86558828
82634142
91299523
53083997
30529708
66490014
83067745
59745427
52093114
99819249
41820025
27802560
93010934
95580401
54531558
1066575
47983322
26137754
91650125
2456003
53629758
75479285
59514529
50423458
1919000
76622515
56169238
22553239
14334129
32072109
1519350
99485642
7874779
22270117
61804870
27680063
30208520
82911736
74195376
36126912
78292935
64926633
4408966
62016411
351085
23511037
32103027
75618948
55725279
97690535
74843473
17690658
38754457
97903520
91236807
50973534
38418985
78922464
67177555
41949359
98383930
93158736
77819065
18340897
46332103
435537
59201275
74765784
45730856
63145879
35800916
62652192
22296171
51388760
59761174
15492387
49116495
62486635
51301331
30881215
15923425
52875371
23658903
42142544
25585357
93595711
93736502
32714263
79276891
44864277
31919407
8902573
54614809
24968649
78553494
98631876
15329623
356158
73963563
95058713
47630798
84619014
43838611
78653504
60539216
50265075
36054140
35135120
58545323
79689821
39000145
79014680
35785120
63793077
81992147
46413387
58963592
6272588
22017965
94876433
69616079
94131673
8064569
51337092
66296203
95997246
39703218
19209650
88097013
43946912
12130393
95098136
78637880
23417748
19228098
97198362
81279878
94501164
61802737
78970850
52371234
39199929
43834122
62691186
9857518
7775743
72896132
11355168
78327921
86641672
36533613
43025299
47767896
30040330
68588319
49119558
89541932
61905580
51727677
26234579
46470648
59941519
33611497
58272852
12217859
95740544
47011963
75039930
60818298
31420413
83456089
20568477
24857141
2860348
97500747
99014488
82266820
68567082
50343709
83119349
46314815
80899870
18610472
84655314
6456060
72284602
57080094
88511105
2426028
73293964
19574063
52508634
52080635
23250828
48183521
60270810
61893835
6532653
2824779
21738371
53169612
59276477
64171732
67206865
52591922
27993938
12401571
36294861
50085
23200608
86123285
50337218
78269603
26559076
44766607
77050498
32963001
77134276
31868835
95761680
70188862
55164427
51874730
50571157
48192640
23273867
30117868
21528012
73124918
62537507
93638176
22407203
69851464
93830186
34221305
11618859
17166002
24884056
87659240
23468339
8892108
99944177
27027719
74098385
98788013
49185246
96170445
12086629
16979731
6629994
15891709
60264441
71052480
59031155
95983523
80455334
75593846
67905537
61589519
67505340
72619489
8261742
98903440
36340730
63313440
90661752
76605159
27047003
28377563
17139083
78400860
73623475
3712668
28343986
65849627
9599730
48611480
42996769
8440211
70859134
84279088
63623661
55811509
8451059
9449934
50695831
80606261
1699630
29827743
63213573
77353105
88256331
82715213
89451424
45714346
85767485
70345146
31952022
32148047
88881615
15364012
10512414
41018134
27890661
47210486
11275393
18800993
17498893
504809
59692913
64019751
90876036
63574901
38513121
76140042
44199621
16544103
67171026
54366600
37495277
13517331
81207498
25912793
20021240
48585984
31710121
25469505
45219435
45794953
6366752
64516293
5190834
90495518
97893298
81196945
42768505
46992156
1582142
60020420
85928082
39691333
77488744
50924096
91873735
64440687
74157370
83761942
31798802
30961090
68179460
88619693
8076352
53492386
50227824
53639700
67599635
40362374
826193
40202707
45687196
52743744
45104276
76425961
37299933
8927908
63062107
59755722
97228225
71039996
36580516
15594244
88985069
62848199
93032180
47423312
55221435
4413740
32893348
97819779
33381902
47698923
47798842
88586260
20690173
7695877
74018390
27311329
20358907
16150560
26172534
26747933
80231043
99065546
53532263
29208193
39859398
31336348
16089529
30813232
87267698
89235015
98433566
66900964
15508991
51444359
50174326
16903241
32420134
74212917
53641492
34656551
1066324
52203928
85973871
45389708
89198143
60998050
56244661
37774561
17433191
90928139
15955274
74671887
34448059
98238584
82897467
96502690
69653845
37291711
51941907
2469610
27208725
5574815
39016550
26465982
47102285
23814386
59449929
2430937
42922620
16880237
87988176
42496127
19686897
89356292
71887214
14581557
40746627
26536117
51860776
64889591
81056004
34247362
56552139
68728614
15232218
41951091
10584059
46687041
28888293
20856223
9780299
26024305
47584261
72367489
34295332
92358848
53723110
10361061
7471798
68475430
27369108
22638035
90562927
93828108
26864437
61347598
10202488
80535439
61669121
86298286
16833343
7446949
51589173
75757655
38869991
74606856
25010640
32023823
97815583
39444599
179760
11899322
38741127
43421961
53057307
14485943
92660980
74457175
40539290
60433364
34848519
46637664
19047714
93677524
84873225
20015551
21016287
67169489
15617249
35050921
58417086
6927645
89189832
8141192
87583016
87431566
85280943
97146800
88774732
4891376
57864607
35509651
84571847
33445959
23491582
78521829
28095222
92482940
51672765
32693494
61385711
73914694
79441221
14371664
82264203
30292508
66452069
52456957
16992852
76014158
19504162
73195646
48232712
49467832
23204564
36463165
83073127
82485946
16082203
79786216
79668482
14453239
94061656
83750394
41564165
4196869
12374801
49109823
21333418
89912181
5112365
28460431
39190318
66633147
83020777
79271256
82144121
55964522
9420221
64786533
56197703
73809733
46370836
59735905
64724326
53311218
66229823
98590659
74647219
39365918
2585065
87346250
40826875
53986805
8213616
17360847
80403546
42192973
17305386
33192074
75824281
85185534
24599130
57839650
25546694
22690296
3050474
20212166
75068479
99448516
37078917
15023885
17525274
42404563
67616487
36417007
4775342
40350481
98626144
92210431
60731120
91544230
37159972
46855149
65004879
72226990
50008494
46747107
74170788
53617306
52910751
37194154
17564762
53338656
24676556
51083369
50428442
52120264
37133789
42652446
68477431
34312943
60153321
9392377
51442981
88196413
39758393
14561969
20846844
15853768
90789575
53288305
2244521
10944786
65029352
70596864
11848241
83091164
32561220
22150171
24991898
60787429
3176734
2550353
58340469
82775685
98148830
93407306
64037097
59444891
33970993
70909046
91921393
45813064
53659962
58983320
83717533
91852475
1610681
98421351
13904686
8692370
64645053
79043204
10026863
82008241
11636443
50080747
76825395
34707403
6124152
38368711
96166771
51349708
1660029
26792042
55211022
56424111
12241409
31749581
87393670
29501973
62063320
34941826
10419198
23391470
86840658
64365913
80209792
68485331
82885015
63779352
32449252
7289843
291840
29943345
34650029
60648266
67156679
94737534
72106863
4010754
66122906
93155240
27083136
44987708
27235810
49628671
66189125
402573
7624452
96453543
62090243
86948607
96491153
61676470
57345477
59199076
39224792
14187633
16150185
96322392
98792948
44419154
15563976
16764517
97166064
26823311
5900302
26701773
21516032
76200500
16035802
26705537
34744084
39659174
67119424
5848280
69693070
20080217
8816960
32132164
20694160
5815543
29804707
23985197
81358885
6074800
21012186
55481385
94340384
44166465
73314681
75057997
97451587
25813287
16216402
83793100
54031721
83237667
21937554
291307
49346546
43266733
26961171
56175139
79868885
72974201
80516550
91259653
77717867
30205085
70211527
95169909
83068633
80726140
41158115
52163316
32729834
68664319
31950024
77447036
61440880
68069188
73182281
52461386
78060401
21631073
4061643
920962
14261000
73134742
36985731
42529444
61103910
69608276
5607611
59691105
46616021
57171918
22050199
72362983
1335516
19478555
49275411
55469870
87737
49557636
51717611
34995211
61518082
38218367
59799248
64985695
39937361
68466031
72413888
33730419
1035035
64029719
8794998
46997993
33690375
12773276
93535776
43633263
39365391
1392820
38527858
46568904
68737257
65491729
18374464
68673888
67559407
24103378
64044365
53138890
27320672
2537913
65610719
70068683
16445063
94767947
12087675
16644972
10271320
36064560
20257829
95472149
67289459
23222135
5252874
91518656
26039247
25893583
22828925
31647887
35127049
85797656
12757969
95641711
88273571
31228206
81379090
92752264
23353954
22422538
19329047
7585230
59133500
90947719
99769074
39006256
93969317
77080877
95880264
29635076
68728586
26132979
32635498
35312332
19949441
78081009
28355730
50873898
46511625
63587907
91457108
25914765
98789036
96966694
53929612
93566502
88059866
26340258
80697074
72118624
70782661
71662761
63619778
81272354
61209115
62870225
21660044
64859245
37733720
82939210
37711360
38473132
98633587
88010318
50801838
20149858
24893381
69262384
80126662
19197463
80853770
122859
76208045
99656174
33138792
29652160
41030402
49430048
59178424
50261931
28119047
34142874
1221084
54370758
35807251
87683797
9043597
73348816
57599027
77955977
79167825
70439664
5963516
26179119
43484483
61816551
47534411
62681206
16414391
53049990
37090874
22132222
65312914
48158596
42784333
90742806
5429425
40414921
1986709
77285846
12781248
69366983
17925742
99296358
7319206
54163348
59293494
42386233
70486227
47012439
73451989
49692455
78101297
95073025
78546439
20220437
21447780
32549876
76532584
31927613
70703083
65883526
54007935
86690549
50269932
91445756
89871910
96896495
67202189
91845055
61146488
64063585
86599627
54103155
91017294
84935233
31069233
992160
71983211
92957628
30510484
8903152
56295331
5889729
23113876
8774871
51459315
63874995
88634270
87038573
70117871
3557003
15959457
28619028
93236864
25224065
1671999
4127635
12543943
96616453
34174356
18256853
67302290
11761137
61707508
11435288
67339503
1552868
28958221
53401324
94624098
2055958
94460211
56419555
97339356
51142952
89621310
63800623
25154320
18396858
75733991
66373786
47162402
71522377
30382869
87643361
64105753
93696101
74019426
15071608
97564654
32703130
63743762
75889424
35016826
60530888
50999392
59186388
17685859
51814087
47289784
78114135
60540312
1741169
15564842
6474201
65993397
43104187
4563533
56158961
69270469
1958746
47480820
88662412
42602856
22145363
81740261
88701402
84371888
69351349
13762201
85450906
56428393
56545183
57307189
93190333
34793538
31169008
69645273
67756479
24677392
4315280
91750521
81105941
99869527
35286526
27757846
15277037
1993594
60460875
27038683
93489653
85913952
30839450
69394904
82245497
83834934
22771952
18274763
493096
16485778
80728762
69829005
74060254
47524645
86939500
16314191
31511164
95828528
98005035
53695543
34990373
94730344
86895411
96599296
67299565
23141451
61377875
26841169
80360504
35734822
20151872
36944499
80098324
6460230
11364883
63239474
43153708
98223578
97536677
32701922
63836366
48490179
39505592
44582213
7911710
21360958
67227850
21474408
59502758
87673108
4865411
3309151
21475839
49679535
10627122
65153580
39732533
66668873
14362211
2218567
97100657
33167541
70750041
48099696
48104750
99612578
76515482
95505012
57669979
99168092
3913537
91980244
78117038
98026043
86616478
77019651
21845422
47635995
57094146
19199134
38710193
62365231
2056231
77171493
86273848
51798845
71361569
14478704
89419578
16801082
89000568
31307089
98152679
41447764
31261954
85860349
17971202
21067886
62580915
2476857
88800212
57468516
8145901
40642077
14522260
49395083
25306330
46400415
27710424
85830807
60644690
99390236
82574105
39936593
46332635
98778709
47942272
10814755
73882353
36783056
73111354
15011864
84056688
80465998
32354963
83930434
65066607
21945958
46961995
80135445
79193607
78367207
94307632
87259152
11754004
70631235
23891403
3504898
98651138
54781872
4389801
59374688
6886716
85338631
13015740
93372492
96959694
99401254
48279413
88527197
90957109
43892850
97193471
48166424
53070398
66360934
34766532
10938702
41957160
57221299
60670573
61798274
58453773
45070072
49355881
51489786
48787388
41569603
85337782
85345541
75679651
16859388
80753227
43268599
99041151
10467558
81477252
93869523
5180534
76118603
61261678
17685509
76523181
58828189
41177904
69951735
87170835
75475205
37373527
95469259
9234202
19811572
29382815
26071781
11786763
14564564
67126958
29251666
5052283
1291678
62932901
918975
81542097
78150056
62291542
80114788
4651659
99508066
38200756
9730055
68386841
1242198
62186446
86910600
12775664
92390370
30463014
86388937
22125135
54141432
84306922
87278743
93528530
14165161
11459072
80117409
38654917
46839079
55988554
22201734
91753297
21384407
48283641
45368993
80722010
19266390
26338705
7206193
5746075
43397974
22237698
70097498
75069112
58312651
80779330
86061975
86270006
77290381
5355053
65055624
59192683
83295661
29716009
3831240
58365129
17083163
20764468
40014996
52072140
82549581
75797372
97597021
20741633
38163074
51069372
37829554
77288692
34774559
80642388
98195474
49915270
72713969
76993438
18377608
26868616
49022090
89257629
46006499
22121804
18135075
76993744
19903429
44150898
47968077
88947388
47239994
4083416
26062691
35866885
98744949
2623169
77370528
40332969
781421
77730116
9508657
52786243
57019100
37517670
20727655
95217446
34809056
28434995
88002555
87953356
72397115
72225299
10890734
42300132
76780450
91987905
55464834
39276696
34733722
7584378
74905185
3875507
15031889
65013840
75788156
98455613
57815225
24828120
665469
89348360
33107619
7660440
58313406
88116186
60948067
28243699
50690882
76583692
28599104
6776908
64738932
29225178
8684644
51917228
22244191
46484394
49390752
6692076
15086665
33725520
58905895
2470277
86030206
60614265
47866233
35397318
97032889
30112024
26476810
36274011
20844726
57474767
12225266
65500553
86074222
65156242
64620745
19719369
85561798
92646886
5113845
5027244
5050264
74162338
907194
39416411
10471174
95498297
89276861
56079136
81549046
77244003
14836436
36810716
60286526
8956988
82567497
33304237
96409831
77026602
7479356
67654957
1449944
25968040
80221002
90200290
72348404
4615799
64931933
18095287
3259031
26255966
49250784
95858286
12150609
19145369
73986134
54520089
74289837
52678438
73866442
311056
73804421
42987515
71790233
7009818
76802147
75484040
61177079
82658068
60687777
20873787
6247750
9763814
19253338
83576480
76455985
1760030
95997413
66117504
97381509
32843114
87461835
42699152
11078991
71140864
16296154
43596688
96049499
45760821
50220703
68849298
72903121
83490031
28960851
55601542
88938036
47979621
10811591
67972001
46799283
5246758
45333614
65055042
4688994
72364116
33555509
4247593
66594204
93943173
40983394
65621558
45370645
97089156
79835482
91938114
12413837
29187770
21369359
41877412
10596095
86750322
5726786
46750099
67986537
16620231
81026487
18982436
3888219
14726717
96599792
82628068
74962335
7591864
67369742
73759578
41988217
95935342
70988464
68031906
79825677
52526751
68290409
26250444
50326319
31901133
92858371
91778426
52181865
92893651
92998853
89876331
48690343
17920743
94647321
54701065
10931916
78283484
40689379
86467246
17999748
97321121
52828003
95356027
33770739
30290150
9098372
69129811
60648830
34276661
65484398
41642180
85355459
46888932
77655286
3304018
71414805
35518757
40161028
9563386
17946287
31125267
39344267
32285381
10543209
59029136
53217612
65605179
49441156
65366564
35677192
75573705
41056593
15820102
37516175
86805449
56130726
73604851
18663771
19806758
58625785
9447905
13827155
33149046
93041281
67566045
47154384
28961844
60683872
22753938
36102793
60927131
4056492
39212813
31342514
56310371
63975788
64554745
2553106
61710323
68487167
4222211
94694715
35721588
27054467
84274405
24292342
14740455
30012085
9082102
24212599
60369769
57164184
78175612
54421005
56172250
18486183
13643534
8721909
97838913
41194432
40628380
7875952
45776962
24899270
17404545
26283541
82211856
83984269
55074655
91986196
28291691
84759345
78655935
804300
74553800
75067209
72024884
90992191
64554177
13187893
56439949
19114384
2892258
70297919
71556573
61428705
42918977
10556934
35591732
61813141
72179464
10773105
49299574
5384583
13807249
20829648
43118056
43402011
13257373
47024283
50207092
93693007
65688118
22871673
4534236
66777419
50363799
24348366
98182627
90419879
15310016
16208625
69608881
22279561
27672027
15571293
9053002
4200084
38992924
61476996
81615554
55590176
44730235
80716251
75976539
64734379
32541862
66426284
8010858
41032054
66706962
66489535
39511603
54364027
45560330
80943193
37632879
77045504
29915224
49730995
55947125
31099817
76843663
67933095
66648650
37546227
74475454
87068093
44891680
18831564
7593572
38874817
64707270
91893104
24871356
54283285
65225005
74460085
73590174
51032934
92004908
94517160
37634952
78569560
88785851
15954958
3823873
34370513
3249343
88559451
79478431
41589377
81836258
75967710
52405810
14671519
6843558
12138201
68247983
39099037
75982199
47539497
25995368
60137306
29972892
33345232
77784031
61066170
71394535
45620702
65692951
52432305
98935172
97383530
93258360
16926057
58210399
1252975
53972566
75621232
53916985
94218333
80088531
23354002
24907811
78128680
43078261
41126090
97855698
47208735
5579603
58322607
1230655
86721766
21540673
83281865
79435962
91764508
77341521
95293532
62101913
85319599
95705250
43000532
17286721
49097689
99985745
21781459
85120030
22710729
29612210
58582840
74821485
7679212
91495696
88414362
36693560
32841157
23716869
18236567
55604551
9770647
84755443
51669279
87457173
42375420
84029730
37039595
56440309
31531432
34311369
86294650
21400365
56743806
63870890
85524016
72132261
14400134
43226366
41770705
53044452
22656917
91555781
45798823
78116134
65813745
98276940
43528269
18917763
77921201
4236906
85959804
47633135
25146090
17418995
82366805
24920723
11197193
54096173
75440434
74545721
5323216
53884920
6340959
64623341
16346213
27692498
56321281
79236073
50899507
29885473
60664208
75496764
88554888
25280862
81469499
69539688
88958067
89067610
96398326
95674709
19812524
26024418
40446853
40485910
80238773
45340649
30943747
85760565
37449715
77762424
45150162
72532484
19109300
62910956
17177797
65976568
5835975
66423129
23255861
98805723
24731827
13952680
74728346
78230692
5963305
67807640
99748089
62740224
82374267
24791516
77065457
88865187
60707150
62263086
10421662
62346827
27897615
18399864
53994670
48022342
86611681
3522815
70994019
96257445
40085743
54214876
73399262
31290273
21464317
5431368
66522945
18669909
61160099
78241329
15728338
24098152
82938482
42788600
6852998
55830619
11801168
65432810
11380404
54755612
18302972
90690122
40029341
46468752
95243169
82944015
40225858
3161776
13758588
16694175
58294722
85728313
75633764
57734415
59544077
14779056
56454085
70107047
41694388
57599793
16427571
28991085
15669281
14816749
33990465
26970098
25330162
34587038
98886002
60823421
79651428
90561253
41877608
54118388
1863164
21776697
61100323
42978884
49600689
77000076
27571013
27683483
91938508
51566456
26045078
13559442
66317272
46711529
93610587
86854626
94200287
39437247
83990941
97118336
96580844
33065061
41514483
70517131
56823657
79057977
32833091
17518278
39922910
55854592
12063214
85136993
98648131
57921367
86870645
13332945
9058768
35403044
75033321
50242032
16682546
10672911
14827509
93276920
81682425
590825
97752852
60141809
33858533
78159322
69680587
82124572
65205296
64902044
23116465
71163089
35474405
2025452
84739051
90483538
2231471
62545418
28551242
58651535
74216581
81550150
59475900
50790913
3702452
62321206
98341985
24998184
33967250
95422314
45375203
64302100
85740752
5832846
99967047
77057560
66006099
21839439
32752901
5940460
37943080
21257571
64237876
84128131
76120390
19636175
84142935
85279016
83801847
45212495
33376639
7751618
41301285
12867188
37691595
47359856
523442
76932821
20144202
84256293
51229568
2249550
20530445
41192166
35749054
93927615
75593341
34856364
14325364
7903316
39717469
90085834
82435704
86562560
73499551
5914568
22311404
15292763
9899362
13654574
34214862
23836136
13567875
51851242
65662972
56549566
9863870
55425136
17355756
40465819
3536943
18852595
11520591
58710638
4503732
69857594
87173560
63340820
98763140
5998470
65307619
84479544
46877083
92849135
95779390
29877213
30879607
49246533
1924202
65276701
74915531
34070344
63218107
69530314
81879448
60177867
78449560
89524231
87434555
3821948
91611071
45638616
78899776
86584561
68702077
61208103
69154331
43304945
81119930
13856900
14146595
25210356
50194022
77585031
40877956
77026633
93918162
57207278
46645183
60353314
88190851
22448114
1235440
24489833
2717603
6697873
25254538
99987513
42442927
12950477
62639701
52268015
52551669
59564355
18207094
24659396
46691517
37552179
22395998
38613012
66620628
47241073
78057121
87935297
80465896
66824567
89970539
92786715
93432981
55713836
59515629
95272082
95745846
38981624
8510295
76937280
94613158
74661187
7119525
1910335
26278193
98800573
54388113
77533864
98872557
90179508
65335309
72919065
30742612
99702399
50127345
61491616
97546943
76192292
88601954
57447139
89460418
21542883
63646562
76492259
60809223
23994320
54799062
75907277
28032434
67571765
68494189
99821493
23707356
80973927
49022571
56591997
44630525
20363374
88344949
25347132
59068732
87372074
27746497
28338638
96801282
82334206
14576079
84545867
13639790
82430252
47106654
73122782
54477544
4039982
84253550
22536918
86328784
71001776
83994705
94186403
1265507
54920994
6399483
93634994
76948340
99528239
19910218
90822957
50315782
95642354
31044164
84379497
16304965
85663314
44638916
1981552
17812899
35365352
77393462
96411163
75656502
52284816
82731455
83450889
14384919
78517914
12442649
78822365
90585999
82836335
31022753
48744985
27418661
34610863
10809567
98684787
36905191
64075877
89678290
56364541
45867511
78847541
45917567
13638283
96737981
98224399
74669740
89029565
30363918
47077424
65350660
67453029
81625009
13121764
68874044
25883798
98703561
7351243
22117024
35159393
20982262
99850576
10470772
54532630
73716562
38642912
82948454
13433882
70378452
16088655
14877165
41228081
90199108
73352068
61828919
26989041
47936380
55871075
5754550
14380814
89010085
16553759
47295898
80798681
76608585
98756512
32481185
12017596
99519720
58644810
8149471
13220673
24402310
65698747
10547936
70372748
5305572
59076904
72026012
20812159
31578070
99403535
84893071
94007540
79825886
4811614
50623107
45235374
41613521
6627613
68481474
48502927
4660241
91249085
50216673
10180994
84781904
18233234
7373302
8835638
10212312
75470430
68906661
91867223
75221479
50595494
57257202
99331436
76810814
57308548
36215307
27148620
31337931
7881238
38840635
77956436
33024675
92186609
72861171
30718165
31944641
23249237
75098805
57965888
2247462
38258579
56987458
21017275
23716421
23396340
29903265
57385513
31440232
66385764
28445877
37264019
4570315
65267253
80332115
6450076
79998013
49563916
11685839
30986918
56770734
9990545
83772627
49558923
69949637
29294996
15341660
21331121
87514274
45838740
46041611
49019856
88586401
97876477
54808224
93361057
34155655
98054450
88138858
16526659
53783146
14673431
23273739
24457149
91004689
74620741
94068612
1009705
47573915
48009637
64327476
48611701
19550518
89452827
49676752
9317237
36520700
9957077
2069715
61249037
73926893
34609899
53282119
7887040
12846865
86304534
72433647
73199071
14217103
85810835
70524873
90853271
3782521
72561804
37460617
27926964
55500322
94249583
61272938
79079876
72443695
85229038
58075181
26420035
10317838
86647149
18765532
3710537
76697168
25521037
54410700
21035493
29680303
11984575
55394429
65036285
97310394
41994147
44780402
25616763
58408121
75642357
74028002
66386923
48282620
74158012
95939813
25357897
75835621
1237614
7734519
54457365
97266138
81789155
91928673
51574655
95323341
261895
81989215
45481135
16388109
99977116
33874632
7561084
81138666
46224594
26699682
25132589
23782936
88089102
66129836
36480023
69107687
48130237
26758740
87713975
49098781
63220255
34355966
32884997
96213279
67332366
77926830
19298541
40946083
27783051
89772875
35085172
31076895
93717666
70931254
15485992
98924822
41705525
49420009
52311558
4018433
68525959
93056199
57673844
40445014
27684975
30999062
56529488
70012483
22789561
26938538
15628230
86655305
23850156
14775173
18307011
25500723
26800943
31933468
43929787
25845991
93439600
70740413
90401441
21837776
67430426
91158164
31724355
50137176
56053746
96960841
77921974
49947030
75867854
41914210
50334355
95228391
54855046
33117933
69593288
66728037
590302
87688605
63210835
55014163
84313347
79806571
57022567
71717792
92262311
3605502
43520448
94444684
53468713
34645905
48424951
47193172
70451424
97202
77746842
16644525
42999276
90531939
86703037
91793852
59816832
80193505
44568758
66867422
82293971
15808874
33581422
59503031
43572198
87877787
17359484
68056762
87363604
40259106
69942398
14388430
75799364
88032087
92369509
98963029
92414393
94931329
95536272
95966656
42530462
62146097
75601272
93078102
74567999
52685485
27054593
52433375
37186436
62041918
15171727
5680630
56578854
83318204
19987976
80515105
47554933
24249773
28810211
41114526
70695081
36673734
47357775
59872320
66141922
37867866
1524293
92646703
44766194
16855526
33969479
54970010
14492725
99702596
75302866
99089650
70965823
52592518
11767921
97178421
16109961
31840369
99828299
20985621
25606231
75774757
11300224
22915733
37827757
64511104
27766703
31791061
39321093
70418091
71167521
481784
14138485
42504168
33998764
12599290
45617916
51414065
20306280
6368121
2795731
42163108
1150057
10819252
519913
42169891
50855404
62949623
50783757
50364087
70040068
48713003
28645418
37031582
69030436
50735140
56997277
27240999
25475065
12025091
43617346
72015852
49293485
47007827
31604454
11912834
73910555
12161960
83087848
92650419
50583769
93382531
33018667
52814425
83438744
59943078
80362393
7846649
24124410
34735317
21606465
38812665
55068852
14506075
93056234
8492793
79701788
54957480
48739212
21404162
98398526
61610497
16257644
38767188
86208406
62894438
4450224
40749993
52728711
99465118
96059320
84602425
69722991
1441910
73750555
25527485
47340251
17249930
35205148
33534789
75438116
54287288
34189705
73883288
12484468
44863099
74005407
41057394
81899702
66988804
52463085
50602544
98331104
86366066
6159939
68830607
40279788
87513419
18283232
53113320
42657363
73884196
18895614
36417150
77500253
74819199
89274732
38960813
88552630
82590552
48315648
37920412
20902750
14371537
9466270
55983117
37010901
7137195
76388250
62031227
29575376
80285397
69526477
25949280
98179927
31350399
42106503
63905437
77650450
33270723
67485891
65558712
74924530
2265193
54294737
23172214
92745780
15725620
11981240
95055221
54191530
61001143
11410740
42214921
57808709
3949786
75399320
71752
4020255
67167541
99339848
99022795
37320266
95609831
45519391
33760661
14644125
5005593
35202305
95276594
66514445
19322659
76224445
31870405
15248919
4439220
10035608
34728272
83238536
64336752
79098735
55433836
7079445
77755743
74446352
84003031
51858676
45302622
64430890
94887391
17292297
90049553
20412240
13203673
82271955
22589952
27614847
82972269
8560338
49104088
90833574
96085229
13208213
29314837
92045417
13607411
89505917
63389088
43193019
77828071
52451421
44493000
55819251
79541017
73514908
91938394
7269231
11064050
27653851
73967683
25125643
70990638
79506069
59599536
9808586
99046915
75090869
92188498
71188796
87397228
44347240
54403149
20551215
3390469
48597621
51369338
24388339
93084089
16929267
3668580
18394056
18877823
17709365
86680028
16099906
49089501
130337
2995051
75948749
91983004
63850007
74440193
12025904
20944087
69810134
483288
61436816
43304142
26561019
91039886
96360670
88418299
55747286
44189934
58150971
75589285
99605513
68998587
48142721
69093418
36455423
8817763
55547888
90730011
31163186
24052076
3787572
80683130
9754315
41484110
51201465
497963
76804288
39226465
86799723
59904647
93391442
77461961
28691932
14702989
51860538
19438689
8555883
26539825
90305434
16835041
38839944
8104492
57720786
627772
90283899
21058055
49294981
4911399
20181365
13268269
58349257
98660422
61890214
18989056
87058203
39288705
52018640
70182002
2496672
54193467
56144371
56871028
45509434
14313407
69538407
27409945
3601440
63692326
54537046
61886600
75518836
62440813
16144500
75018008
46501864
69378301
45330338
67360135
15993439
37087837
61455873
62056609
57740012
53497083
2651287
43226874
33237816
52449664
25944468
90732970
48435477
59592690
57807395
56691309
7618938
26774728
71299563
30662101
60920619
48339515
73973543
78803964
2287165
33009341
5764346
98205591
98455328
97431462
32366147
71981641
86951423
55925524
67127187
40165994
56129712
58892015
26988673
17409124
69724855
10411421
72778535
67253577
58908544
60209530
13990649
95510313
15158167
12936311
46931000
27629960
31040404
24032850
6014333
4839344
82264846
64487755
90877530
37675049
54306294
9654650
94104037
28184284
78005982
88459234
38327094
94787560
20629911
30887247
7385410
21485503
63765484
95991728
43292257
19799404
82104106
12093122
50094944
59745111
18362875
92537712
71927190
46567685
22090801
46605497
17509735
92387383
8601518
16384050
56020643
73770337
73360767
39428685
52344249
88773972
36284519
29147920
66605443
64152140
41563867
10771561
68377719
53212698
24092306
12518871
27950847
15202564
91660632
11322425
18005911
24680516
38999794
81585988
58660897
40507415
14854145
3323949
90841553
24195521
30930262
74295585
47221418
19073725
13109629
3224858
33568434
29873836
56706965
82392258
51235068
73771563
77522372
966714
78749857
77713611
24129004
94164101
55628388
10346764
53549697
65729923
26446806
52224234
31069592
64723723
20998552
38472576
29550979
52638930
2197990
35679891
85438019
29493935
5366314
53261748
91433651
92357662
4547798
93541019
5366957
39644904
90358038
35423814
61495250
15649160
57002019
5404222
68972022
29448151
33572641
54562342
9769363
13363177
66553890
61966298
86384052
64268236
78110009
61696826
32517986
34254991
81179857
15755399
2819991
96785669
18889611
91848553
77910121
34496489
43713563
68785589
21075025
67121251
66121103
98433352
92786033
34652690
11477913
99062798
93670831
27630930
80044474
70880172
92395765
32518106
77147126
81205618
80820642
87278506
66142577
4468173
39623808
66825900
35903675
63036060
63565541
89268697
12416294
16790120
41477618
28704962
12898002
11232366
91425492
72357343
23209831
26400885
71053
31817025
32758061
43444090
89019112
17739329
90250319
58461891
80932027
44089889
73685459
50665365
34836577
24760691
62932237
12236931
56526721
8118533
92184219
41514260
16243961
71284694
71211646
92436678
75121989
42883039
69712971
53623287
9689655
75987536
20127458
22678746
84608681
52456642
88059490
26789383
51743857
93318515
48538499
54488286
20484597
82729177
64408533
16651055
49899588
80880186
73738292
93414125
87490427
98635900
4140353
47063372
7507076
36492732
85860275
650143
26498401
298740
10068816
31411203
66209421
75837705
70024444
38778269
45339824
51351649
70370484
39183504
11037984
87134613
87615349
59373143
8272656
97756361
3681607
4689452
95261084
44839141
35117642
94081306
91327315
62659707
19309604
78651351
20633128
43213271
24253643
14512589
60166430
17634820
80723939
91741712
87548582
10451557
72929102
70604996
19866064
18887954
34214717
81385735
34762486
12421742
78769434
8221248
55291577
1985135
79349709
44445208
67335983
70782291
13524771
47835370
19930691
58208258
19442664
33659314
14940023
62126664
44422252
96763977
43770875
84698693
46681313
22566153
28088574
78704912
1519055
72123526
71290076
41888778
40079025
93874435
30801286
96079276
39854734
40560107
5571723
32868170
81588819
81995826
37973076
84554572
8377652
97502804
39422680
55950182
57431012
90923733
48989456
20858613
98703290
54758562
62342465
69080372
64355570
39701282
34741232
49498683
56815921
66819581
28578662
78163985
19535302
84925341
68946151
68545883
4442997
32049271
10518369
25936041
94164728
24727889
85074631
86031649
77571599
57248921
52911772
90072764
33105895
26669200
53438879
95693364
71008076
5707884
57364628
34283747
64362440
20780067
60547572
42846449
47726344
99902243
25322609
5330353
65683801
90668518
20258586
34844408
40784785
68920076
63027622
84839943
31596519
1495708
33557309
5670478
87974114
80336551
6378621
63086985
1473292
76070569
47355540
39396480
28671118
39275755
79183847
20133450
77708535
89104776
74203247
40099435
18455107
55021120
67978583
43798887
44516038
19434320
61742968
23647063
76140589
11717479
41814025
51984708
76135649
41605395
22317892
16484531
26108030
44440765
43793729
86136816
66040911
42957942
94684894
88172905
71748854
840045
49313857
91680547
83619900
44090343
82896066
64419789
89057360
20369809
80615461
66448475
60566770
85503298
43541494
67850833
83710787
53783079
18485668
91396045
62654978
63095182
23558302
85307135
16036408
74328853
89791755
19078346
78153644
69295495
35252288
14225418
67022788
86356113
26607320
28572652
73113353
68247280
29677223
49107260
45006172
25328570
6733752
69915837
8235746
51974831
80758299
24902077
28061358
45883
38519994
26358527
39838279
64252214
23142394
52841083
14426119
70021112
5898804
24011463
88048230
49109745
23008221
13463483
33369637
20995487
53545051
32825754
31679571
58726180
16565807
25492520
14034616
843523
31836570
96937261
18762539
91795281
20606886
26988233
51336354
89937227
57366620
19828367
87779801
99773153
32231779
65640185
13914770
88952845
35447050
60190710
83117254
56578691
47155408
19347187
17020435
22765023
37929461
80912231
96093293
3730544
58514166
7510949
27889938
57693718
62931824
60393950
99173366
47140621
93348496
40297010
15912223
69528300
82441190
79526292
54271347
79441616
19109984
70112061
53727311
32694193
36306261
46000188
62530894
55642768
39342494
61681893
53414442
49980747
99087243
36399555
16601600
45815480
21628154
25146032
89571750
41812816
43896024
28134172
44065738
81909517
94239653
90421464
55139192
15991460
78282871
97875079
80173887
78873251
31505505
86860298
2244475
27858438
96945627
98726088
52166209
76316234
79182661
51175039
55066273
60628084
61451901
64502813
60989657
22999198
78545934
5760174
69624871
15491715
52217620
22368521
77368907
69081113
43878369
71462225
6402922
32720269
63662057
47200373
54707158
31479111
33239277
78865709
42938947
22581146
83718006
31609480
4949527
64719146
93841406
17730903
7900278
65483285
82853560
56763501
67860448
18827585
36787538
32595369
19275206
87467611
97883816
72162531
80249409
42034655
52805675
44367908
35288629
19553301
51176981
45364729
86636139
38991532
79672624
47388979
41070478
71927340
47718848
25110516
45419057
40986911
3058629
39635888
5636607
43014376
8406101
88947535
2543688
57413792
38925440
93905931
90642469
54510572
38575866
94066719
52291133
51074809
23436451
37099702
95254688
13466477
48467828
38506789
46727809
4608126
67531628
13581140
86229820
49014629
23304341
63669238
43039701
49965322
69906990
82968991
71528221
99199236
18571573
9289989
74887006
52436999
98212026
30611094
67786666
64523880
5437620
52590707
79820084
4108540
64018860
44471159
67774442
64115792
61368050
12642859
92610530
47624000
50083248
82700108
3782312
72783638
21501877
56313205
42717126
77391278
36948318
21500841
85961800
77402368
35987650
35960250
98155922
25488912
34939727
89161198
97755743
9186300
42903524
98668194
89941337
70131350
45815599
17553038
30019996
37691298
33545294
93803382
89069834
11588192
50596453
56205969
64974114
11853307
74109489
31058425
5417798
51676471
13941694
14154837
44205180
32525353
19022214
21480389
14598918
71635835
44311708
18553581
38962889
8109663
76337852
17333296
62541444
90063187
65958884
94287964
99138767
60279106
64185334
14769303
65061633
16967073
11775666
53307067
2726351
47408440
44481607
92184557
21041244
77257853
80891870
7703150
2416947
69087621
26003345
21326689
96158097
52659126
58149485
88052569
88973323
63058574
74701030
92102649
54329173
24167593
23442934
65108335
83187024
86685226
72107293
41918611
64423719
30302212
26156697
29417467
68448155
57404552
73842336
26897801
31076180
45650146
56040657
95076881
9670450
47456596
45395887
36782792
29166549
71281899
47670668
47917010
61947222
91760476
51268739
72574980
61475224
92089143
33401330
38881071
24407936
15924868
82995478
16516086
94907055
48296937
91541753
70938455
8876344
47871350
98272887
43963465
94994283
24016620
84430717
18887326
70588184
44941745
8918642
24449584
43790011
220084
45884827
46827392
48928846
29090923
87858491
59972304
53673186
32429734
4023980
14024811
59231034
89578628
99730524
14276931
6828102
60669526
45761722
51573217
77385122
81705540
84905088
4097283
99601160
69955760
52938390
34604550
99952881
7368675
91156228
27356665
26409216
9608448
97756098
45813402
50472223
82370518
54877425
33435577
64429085
22429821
40129779
31122435
33082967
96375703
18485098
50672627
60083521
9360173
33078115
51398391
52445166
26163684
41595401
21284707
30953107
27245931
44855252
62023726
83743200
89632065
17583372
15506897
60882892
24891968
72072945
68072834
31201941
65548484
92504859
14690896
20572983
75521024
65010042
61708526
85604658
20286755
91515329
64945101
12690283
36344283
31226537
15433892
49562961
73702822
16319925
58060940
85094642
78086016
39404078
11271164
54826745
75196605
22596168
60940918
59701572
86413003
2435938
28956342
68312761
7603855
59052765
68601877
23286698
50516318
43911240
13253191
54270667
67745199
95810430
91003512
53484978
99107014
48940601
28432935
6488673
44249902
76034208
31623400
5027909
13623548
48092605
3508462
81301079
82099908
3315625
76508446
23704354
4266069
871635
26366503
57625085
42438092
13464871
70895280
83688941
9609191
42995472
6027983
91134824
60583520
76110197
41091187
28829247
86977916
15948174
93012740
43515624
95167306
46722498
93424515
10125122
33835653
15048303
54543297
46431437
69117476
82302253
831306
49864765
54731423
27497516
25882888
32176807
86512323
23137710
84810635
95457188
21812466
2528001
86418033
50867412
44502151
64967116
42974285
65623536
26030125
73672517
35852935
24542389
96600490
28455533
78725722
43127595
76487906
57402481
98137584
97625778
99940285
60456619
29739006
20264320
77818406
53654508
13905186
70554405
14592723
33955492
60543062
86624546
20168657
63294885
35693581
79260510
89100039
90085414
10284533
48461385
77019580
65494797
74732591
82918182
75549729
18926224
28211977
51831112
90231925
32576927
55492652
99648318
30450898
66520625
26417473
67047139
94155160
9123741
72399691
29032196
9076448
52744781
71812340
36857752
93411461
36258972
88900153
43481305
14681142
47750772
90600516
18818027
84303404
10706856
57205374
59724757
91414007
24762917
60689180
37085403
49067273
7754711
20090467
9454175
18429139
11146810
38145515
19674153
70445237
97535365
11020993
56631469
26942394
17289703
74079653
29869801
97768200
49601487
34066785
43629298
62536834
40852633
44356080
89705728
96886654
46309370
60898209
24163731
39919775
4806539
97715191
70135277
61800081
83639033
53438550
77358918
66856666
68548500
17634460
63950670
49275353
82292278
71373111
98309673
45936258
1464432
16574536
87740235
6863957
13088149
38908694
60499132
81910157
62728206
65684223
56846148
99490156
43236302
79551818
42451607
64077391
38340748
73917193
65901908
12530554
39185007
33532341
58999852
34094604
14821778
46888221
67467432
95985355
13591907
62944016
41382546
56433089
4457273
21249669
20051184
75646318
67394341
76990461
54223036
95685003
82218602
99062980
78978669
88745616
25790205
75145789
59941699
43851303
44185381
3257132
36798934
90021152
95364316
92654904
57401169
54811031
41756563
41331732
37652876
29943587
44250005
5018542
15326226
80717704
80260595
13007937
53355770
69472634
79510269
65540520
78404960
85327190
78533645
9631845
84638348
26135018
57321221
80077465
62166971
58595775
66420992
77241218
98143401
20367470
91734582
52922084
23457459
46783893
45980981
15523205
47816864
83943571
87101831
85259874
29827902
40780624
61582330
65698445
9594323
10450681
86452260
78098508
81483234
98253053
38795254
77416635
68333655
58595491
38490664
30342216
55058088
5824823
17110248
81138386
56714265
46178253
96960053
20757145
23198868
46638738
18203662
63003804
52915600
17973266
79115207
85570977
92518953
51451041
4651425
36102165
45233599
77108099
13048951
38301776
39886332
44376261
87907760
71652713
65896455
4871895
11531810
8699195
16072657
38595684
54132099
6842234
94516387
73376117
47752542
66190031
73401028
37770043
25390455
33179680
92158966
8311735
18398077
64445383
30653838
96296745
71633952
40186052
73268649
58226107
48546965
13443016
16793879
72919986
47660828
25987766
27663540
1192488
80431374
23517299
36447657
17890204
87975491
38676358
41187754
61898614
77928226
13107449
31389045
55591661
62494431
75889666
87947783
78911514
62063411
56102434
50916466
88882951
91532615
16823258
88761418
28276259
74633459
11648577
25273714
97889844
1311399
39323641
54740986
23037440
39612426
99301094
71140253
7878097
19910614
11844243
57113686
44509985
26766474
77364268
50666543
11620152
11765548
91618054
91049965
40019432
86373721
52447322
92455899
66730500
22546088
61342129
22622545
60305024
74433530
95474110
70662392
11169267
23821938
36710807
13222419
13134528
87998284
1262519
94081370
28113705
23647679
19330979
58224697
74856312
7514916
6940818
95800638
3213460
15443488
43625383
28513755
96626863
90169347
5655343
82018222
99327677
21465228
86408790
2140484
46017046
17079878
37049167
97061197
79517465
93028492
24636340
24762596
35665455
87298347
16575997
42632695
37775932
13710541
33096031
49262918
30968536
85117046
56619301
13561205
47628142
48791739
29464178
21052247
11507297
68859473
16526781
53123333
3772402
23598527
69346576
3524259
10740513
6797807
60331739
38392755
99024959
13320044
78490611
36619172
70063427
69641770
5907448
87055176
34606807
54493924
1848744
69782397
71893480
19765939
37844869
93666084
18402810
29765051
87504911
59922783
37701890
18279799
19610785
37255399
6607358
89602989
34949239
45446423
41303174
72736304
82552623
40901763
55816138
35704396
27748720
80376461
4155610
25929440
49943123
41537417
12328145
73078974
49949268
42220892
25713283
49682019
68386845
94776573
42565617
69574701
63045340
13698952
20368867
14909411
76374181
87421454
13492128
34922127
61400311
2256579
83925871
64518875
2822024
55633146
26973859
90981487
6436594
46599925
69003140
77198924
4740236
44602989
77370305
90569750
67967183
7856898
27054360
96231852
72457163
79437673
39309452
83417038
58247521
10204293
46792823
46077935
84854638
89289094
45094092
66418987
6005026
81178088
48657117
19604460
34266861
58261552
54894982
63907999
62233964
9133178
87440800
57295651
20711805
245196
71472432
69111183
39057151
28646351
61428764
65268407
83744415
90861724
2429843
98037739
3891825
54067880
62137945
75384105
52413402
91113147
80925370
32235946
33780977
73924513
44514486
94671095
68399845
27695279
51963
60900677
26379171
53626051
5451152
94194924
6351450
47796239
84892451
89162783
52198507
58499924
87349560
11867528
80953116
90608762
32747237
72110652
13142531
62827779
34088778
39803768
14579354
97834378
16510587
34670110
66164523
65370741
87408432
59289094
35254876
53509669
40087403
72173653
29897422
90509162
8023794
30365331
98791458
89703987
35902376
93052320
974712
73851410
13252891
81209237
49193125
81525272
3756639
99597876
7050318
67390700
99754551
75623055
65283093
99664329
94995110
84610183
23618946
67488824
80429727
63429393
72560093
76205650
96905558
67345946
90717599
75472125
4003029
22663236
43590692
49453822
761288
58691946
20066775
39183004
19510465
80142990
73181391
86692292
48498973
22255114
61937403
37821858
28206726
10533585
97029931
2844000
75893389
76770652
47755789
98518622
73632737
46593012
53147983
38888953
72027131
42988144
43409808
33966641
47449607
40267701
80235179
51352599
85210268
96583792
42937769
89639738
21209079
66039708
97102313
5623706
99027609
28951133
20106615
76466586
9547596
24397093
40693818
17991627
48347368
14226089
61886251
38757652
78671562
50351224
26558585
21823859
17813357
33600971
45395615
32581433
61396564
89326671
62935871
39527776
82891953
92234225
62380638
36122279
36987926
24072264
35655873
70751047
58333010
45865611
32959550
24503216
31177314
68938169
73588064
87119327
55267364
34168299
95149581
28518164
64683165
61625233
48689561
61658206
69891319
30890284
94738546
59675315
56095834
89041242
82378972
57309773
22254707
83374785
67861737
14584903
41034881
53478480
67749233
21372095
28667119
14728026
4155119
32135838
47454652
97142196
24766599
48772653
72529034
78761436
57695383
38975060
59999482
72140285
53790053
6817611
92780264
41475256
33159865
63133052
63400198
16553933
27066137
10157137
81975590
64997929
37409735
10050526
93902514
76029146
18727919
54555892
83821603
53591811
98629703
47321134
67571565
83251378
862208
43274043
28972904
67174405
44262361
24116197
6801140
2078692
65446199
32020289
70048997
1459364
97297393
78617740
63401702
28209517
10794042
55236602
41846601
33337655
92175150
91348784
51520738
26704454
96785124
74327763
55088973
66403655
22824562
69060753
55830275
3014424
4002915
5289631
20800327
63696472
24727154
40334772
53756165
22679145
26922721
27637322
11701624
54856810
4859562
18143709
25524597
97153387
98426359
53275216
84973810
75055119
89644855
60713459
14716521
26569664
25248196
13157666
76405923
28231057
65119661
75923084
93950163
60724363
92325042
50527631
27250143
53728797
93211090
55776562
36723913
85844132
85327281
53288416
59384526
48410293
49894500
79783094
63969572
98773610
95610798
99478952
52523240
2063700
55954226
74099191
11686574
97994450
41764494
5217843
70156310
24335440
51219867
72752303
85951988
85539138
74366147
40509815
74006453
55469365
41076431
4443798
12720423
67639056
67079010
36746594
67887784
96067344
7886103
89004930
9547093
22844746
21833990
11315149
18337834
9753143
4486509
22404218
79620938
86570078
64481956
9275833
14807701
55897946
11830577
4599973
48626320
85801730
87311543
51195898
79960082
55924875
36653880
89585326
12844741
9600258
32118511
29083099
73327705
44491427
42844370
55122044
56850765
2639284
19893846
30580789
89882255
97034647
15399372
16066691
63066051
47113618
39870247
88245086
41070806
84610526
5790574
22283173
71310519
4150013
64014712
26745549
85086286
98354480
96394811
59834449
62473013
89045569
23297180
58550715
27618661
1339772
22897410
75214113
43633866
63835914
43223243
21884166
18668287
98755688
95695863
60607944
80150933
55719801
67980962
84858397
68050280
15889121
25393181
72636638
85636924
68767523
17614595
22093887
5054356
3303428
93304755
14381032
74757925
63998720
76828065
7599877
59558421
4079169
57353855
80245545
88060128
15737490
2345050
60133681
67171
68726858
81501557
54826672
4676177
44304309
77962119
10849092
35850284
88606056
91894858
40045118
98102301
28888989
43747809
18975953
72505143
78442923
84828298
82230028
24862597
71067982
14938723
24977907
21929959
85849295
18179937
30217307
61224628
78035468
11092604
93729162
12658479
3917819
36672159
40372685
47084886
89949239
16456137
36686316
96154797
49920581
37756194
53660715
2735222
23434841
38740158
22730999
11343349
80843889
27560804
19494813
59173798
92259878
94216436
13298557
10272761
8988379
64336614
13342892
55353825
1060669
59659798
16155839
19714035
82066546
54574291
83086864
68057251
60066158
79653162
28256631
526318
55170380
79589854
98762337
34463232
47633798
25577945
65768872
90112259
71236335
70599711
56613944
79551607
74900858
46076565
13935143
43138608
91429467
91672533
81776684
77953315
62132539
72525842
67617024
2012140
12979510
71709334
6965481
96385873
75183678
85244042
86193398
17387165
77473444
67003847
4009282
49592105
33785054
95286139
32825624
16087289
90789916
20624052
86439851
69005399
29848354
29293057
29883059
19858990
78892459
89833590
48679185
21248579
52541915
44941079
45013437
37948939
90841013
84742419
21300591
88525054
35785017
10775096
89296160
73777329
68214228
33175082
97075629
18342066
22754262
55820389
47864289
33530862
31223578
72035892
36165670
32913630
58158606
21522536
4328667
90785859
3782738
90031714
27633276
12059743
50082877
88829659
98778250
99138302
23188966
50130138
85509097
37466323
14633994
58641509
73471586
65246404
4865744
94423989
32721030
32615463
67107641
72140703
92832419
93144570
58690678
18979574
27449607
62988438
120600
6614004
77361446
18499148
25411680
706832
10603518
31455866
91520948
43167807
57882198
53554810
26888024
15999190
14631202
32056806
23892262
46956449
37238059
38002486
84819753
9604664
27594313
89870603
82859700
593936
88690649
88824684
770858
42494509
1549781
3001100
88316545
30169140
33716925
90380829
40958204
11156044
77521120
29411510
15955456
91920819
78526376
40395546
17038673
85943703
2926337
81022698
61041357
66855487
87724600
78158543
21128041
53850376
96074782
54287411
89035039
21601775
38406884
24605031
34464981
46793964
32715000
10822845
47651844
73303171
42739323
47479119
41427293
90438333
18265082
77987139
78481202
74606826
49360860
25367429
77999586
95016177
86302985
81533399
8679250
3398893
17439054
61818539
9693925
23640151
65255662
71797706
64530340
66091070
81382472
67423021
94315082
81157787
58239565
66375501
27322696
83167688
99787218
87978499
90701323
549247
5139152
45587411
20502068
80300151
86058252
28912255
6790850
82334360
10710127
69021392
32441654
92499967
41720137
13211924
82922371
1219996
58149429
1933436
80246842
61758086
91169821
44537070
42597841
39899885
65437171
15532216
74716005
85195775
14274061
60586903
28547008
34695714
33943064
77871570
3968225
51771475
99953581
41748847
78394171
22695038
96519212
78272375
12844656
60827475
71212608
45708760
29971304
19131035
3159108
13555297
83740545
91053984
3327270
11784197
6510323
1350188
67746518
46846869
87615768
11677021
25811832
4551072
81669206
7264346
86985306
9809445
29369137
37737481
39228768
86880490
374825
70245484
38396331
3723339
35354036
9279637
86918594
86450809
41207632
24497032
24741093
89479705
504222
10084864
98891394
10060404
76328467
56596052
1698379
90506253
5005289
72422375
15977185
39894413
91624726
55672755
6448513
82252023
3352115
5961039
65036325
68171010
96939140
72887658
73908233
62398722
87883535
50152822
26350990
50934675
90512245
74715192
65076487
46023373
37274551
20540227
77886731
89370051
65803150
34444554
27270889
37155837
6441609
2440985
52649019
51456913
19499939
97940795
11167531
16199296
10455936
89509804
77909818
53295767
46548473
27992080
1148914
79296364
98673309
44001431
40193628
31576709
98986508
80600896
54356257
7598116
41297182
97801747
33893831
6323566
77835845
67532465
89705000
26192496
6806326
1105532
91241917
26713369
71865538
72475391
1043374
41148628
14876898
37902123
60907672
80136003
45367645
58868436
34885248
73614410
17780810
60291781
79221748
8754344
68816730
97508534
99078956
57186021
9373517
45119514
63422663
98209633
78215679
23118234
22527199
84587659
74432411
49396431
25068221
57883175
654517
39082476
97420979
33248832
64877786
22196219
49605904
73513797
73880048
71746831
33367122
51919551
20698142
67065855
35849097
16234182
47150583
33821698
26748217
5512328
66100098
52708705
6826436
91867523
64428113
29459608
4340758
73657738
67151060
13430996
96014607
66063463
65916026
40022439
68515816
46487455
19821832
94997482
29826252
5475412
59696976
40398310
38808859
21854057
23545365
11857576
1123436
60543066
27084207
78623563
89959607
52149026
65760202
41171477
57375069
19074733
1275853
51807772
39386778
44811076
31065771
43346851
33052320
34311360
15979472
32325032
71673972
1483553
7588252
19713005
76180205
61442588
82576428
62622020
43385083
36268343
86602284
64244738
23351135
64159389
93602022
69321615
98458789
7896430
34989884
1722073
30401851
42298766
58253738
75998064
68302809
81880795
3594892
8833905
45736883
83816009
51031181
43903328
31733022
98560111
57490093
80578717
36527591
61231343
54938737
55583630
19709683
39584089
5454799
7221712
52551472
86848304
26148014
25165258
47317971
78922576
57986249
40680588
22267072
83153084
73108017
48162336
25079419
23856307
96083852
79102115
10234496
91308218
82674320
73917916
32973642
13348740
75641028
3830977
26763619
47652683
5521807
67714503
2540778
96827333
28210094
27722429
72707707
9635130
41359798
14125972
93488816
87030737
33899523
73840536
21280316
55427900
62675674
47962982
53445038
98225104
71602231
73907231
94736923
39283325
80670696
2926142
23088118
63762055
2306939
40210499
79909861
84528838
52609733
1546691
25742856
6336912
23401292
21764889
5409040
16952429
97471859
60036641
35264034
7919706
80672347
36266152
67904432
7603119
87177874
21855782
54890802
13418543
83243808
69248725
47778603
77035908
85938874
3658264
5989949
44201691
75668371
89089132
14356996
90686913
26024154
32663399
239032
66680534
80160385
7676245
49083640
30011291
14590657
38318660
50341353
85446757
28243346
12339143
10882990
74004786
26076669
5310824
90510623
17265099
86684228
25410888
17629480
97181615
16104056
12133764
86433015
66367710
10592618
10995688
27996124
24239626
87261283
66585935
5547207
38912660
69799283
94574272
5289527
74284332
94059043
50533574
3235230
87991738
79972495
91305695
59774387
7310368
90298594
98683709
38459211
14679733
62333643
65580377
45008204
94636950
54456091
42214654
49534919
56922188
51360539
51986749
97259235
93228876
30306258
65158414
80961403
42686799
31871422
75035274
25197530
23721055
19221992
81438845
42751686
31147602
41594362
44994182
62141493
5658101
64892759
66407743
4181556
85400191
97522114
58725126
41094118
47419200
3214540
76071468
37287081
28834690
50460203
95508705
25211730
21432468
85049462
5410649
83265491
21688953
66669193
68690762
8327956
62391555
88325718
56250617
89381423
89289422
69609008
59139721
35498302
69912376
37441640
6735468
85206773
8345111
83055960
41126019
42877124
69409621
63405087
96932957
81723988
2810365
9700715
12637004
36244058
98007694
12727088
74675930
65690433
28397110
52939354
91246993
34412754
24189041
42568436
17851803
82193185
781580
46045195
62239938
29893610
12920123
23023577
22081436
52724545
31340165
33248667
19794884
50697498
51551836
95444456
14222406
45475917
12198106
35542615
37999291
94471190
23176225
75688476
83706961
3820212
58423658
97555055
9749173
11987403
9507585
10862210
19198618
82313095
85985337
44322577
20975165
67601429
34867745
48100459
36319608
49639060
2842217
7210788
43905280
33260503
47385689
1461063
16513029
28907971
54123240
41685335
3530782
78261454
41509229
6754444
90100875
12426203
15267704
17700202
97553006
80144129
97532299
12607709
85111022
50133526
20410972
7895500
74520196
41565130
38877810
50341998
44956716
55433133
92819326
51562824
93807229
71691949
44949321
93282840
29900018
75234385
34676644
4020145
89955757
4774065
23950551
43578191
32435276
25215722
82948815
45763757
72098781
78370747
90655055
48388838
87450782
44024282
97855057
15474729
32816841
82927366
27715552
54743902
91496623
60859546
3656159
37787773
23913537
28087223
24641458
28554529
30645104
39017454
50197361
35291480
38223153
59004346
31452525
7401719
60231
35330224
98562265
7312614
91443812
13793874
87599085
58895090
92588451
65729973
89411141
87177277
59085070
64751019
64535728
61136045
91776303
22571718
22071188
53613641
95812682
8929524
38772712
42518243
73744778
60749309
32798750
71004342
68554071
27877778
94383205
36188220
80305175
5848983
93122693
3505087
83920237
12724971
82965630
58582545
42364301
42366386
90994965
43638936
28171977
63444198
84090480
72869646
81893042
12794517
63722713
40268511
26381566
49326001
52827670
74146132
73832489
12346298
60857915
63615807
41909664
84234636
22005076
96111098
83137305
90770230
60510987
86274920
60402559
80502121
64802307
83133802
55795306
14749089
6693843
2176832
73395475
84925753
79396593
34949635
30593230
7761190
11266290
57702060
5435287
94061252
49476153
21887240
80870631
